Accuracy: 0.96
F1 Score: 0.9565217391304347
Precision: 0.9777777777777777
Recall: 0.9361702127659575
ROC AUC: 0.996487354476114
